00000000: 00100111 00000110 00001010 01010111 00010001 00011010  '..W..
00000006: 00001100 00011111 00000001 00000001 01001110 00001010  ....N.
0000000c: 00000001 00000111 00000001 00001000 00011100 00000011  ......
00000012: 01010011 00000110 00001110 00010011 01000010 00001101  S...B.
00000018: 00000100 00010101 00010001 00011101 01001110 00011011  ....N.
0000001e: 00011000 01000010 00001001 00001110 00011110 00000000  .B....
00000024: 01010011 00011010 00000111 00010010 01000010 00011000  S...B.
0000002a: 00001110 00000000 00001000 00010111 01001110 00000110  ....N.
00000030: 00011001 01000010 00000110 00010101 00000001 01000100  .B...D
00000036: 00011110 00010111 00011100 00000011 00000111 00011101  ......
0000003c: 00001000 00011101 00010001 00000000 01100011 01100101  ....ce
00000042: 00010010 00001111 00001101 00010011 00010011 00000111  ......
00000048: 00010110 01000000 01001111 00110001 00000011 00011101  .@O1..
0000004e: 01000001 00010011 00010011 00010010 00010111 01001111  A....O
00000054: 00011110 00001100 01001111 00010101 00011010 00000001  ..O...
0000005a: 01010011 00011001 00001010 00000100 00010110 01001111  S....O
00000060: 00010101 00011010 00000001 01010011 00011101 00011010  ...S..
00000066: 00011001 01000010 00011000 00000000 00000001 01000100  .B...D
0000006c: 00000000 00001011 00011011 00000011 00001011 00000001  ......
00000072: 00000110 01010010 00000101 00011101 00001010 01001111  .R...O
00000078: 00000011 00001010 00001010 01000001 00011110 00000101  ...A..
0000007e: 00000000 00011010 01001111 00010000 00001110 00000000  ..O...
00000084: 00010110 01010010 00001011 00010101 01100011 01100101  .R..ce
0000008a: 00010110 00001110 00000011 01000001 00000110 00001011  ...A..
00000090: 00011100 01001110 00001001 00011011 00000111 00001010  .N....
00000096: 00010101 00011011 00001010 00010100 01001110 00001011  ....N.
0000009c: 00010110 00011011 01001111 00001101 00011011 00001010  ..O...
000000a2: 00010100 00001011 00011101 00010010 00000110 01001111  .....O
000000a8: 00001101 00011101 00010010 00011010 00000000 00001000  ......
000000ae: 00011011 00011011 01001111 00001110 00011100 01000100  ..O..D
000000b4: 00000000 00001011 00001110 01010111 00000011 00000001  ...W..
000000ba: 00000101 01010010 00010111 00000111 00011100 00001110  .R....
000000c0: 00011001 00000110 01000011 01000001 00011101 00001010  ..CA..
000000c6: 01010011 00011010 00000111 00010010 01000010 00011111  S...B.
000000cc: 00010011 00011101 00010001 00010111 01100011 01100101  ....ce
000000d2: 00000111 00010000 00000000 00001100 00011101 00001010  ......
000000d8: 00000111 00000001 00011101 00001110 01000010 00000000  ....B.
000000de: 00000111 01010010 00000000 00010110 00001111 00011101  .R....
000000e4: 01010111 00001101 00000011 00000101 01010010 00101100  W...R,
000000ea: 00011100 00011001 00011011 00011111 01000010 00001000  ....B.
000000f0: 00010100 00010011 00010110 00010111 00000111 00000001  ......
000000f6: 00010000 01000010 00001110 00010010 01010010 00000001  .B..R.
000000fc: 00000101 00001011 00011101 01010111 00010110 00000111  ...W..
00000102: 00000100 01010010 00010011 00010010 00011010 00001010  .R....
00000108: 00000101 00010001 01001111 00001110 00010100 01000100  ..O..D
0000010e: 00000111 00000110 00001010 01010111 00000000 00001110  ...W..
00000114: 00011000 01011110 01000100 00011100 00000000 01100010  .^D..b
0000011a: 01111101 00010110 00000111 00000100 01010010 00010011  }...R.
00000120: 00010110 00001011 00001011 00010000 00010000 00000000  ......
00000126: 00010110 00011100 01000100 00000001 00000001 00001100  ..D...
0000012c: 00011100 00010001 01001111 00000000 00011110 00001011  ..O...
00000132: 00011101 00001001 01001111 00100100 00000011 00000001  ..O$..
00000138: 00000101 00001011 00001001 00011100 00011011 00000001  ......
0000013e: 00000011 01000010 00011100 00001001 00011101 00010110  .B....
00000144: 00010110 01001110 00001110 00011001 00000110 01000011  .N...C
0000014a: 01000001 00011110 00000101 00000000 00011010 01001111  A....O
00000150: 00010101 00010111 00011011 01000001 00011100 00001011  ...A..
00000156: 00000111 01001110 00000011 00010010 00000011 00011100  .N....
0000015c: 00010101 01011110 01000100 00011100 00000000 01100010  .^D..b
00000162: 01111101 00010110 00000111 00000100 01010010 00010101  }...R.
00000168: 00000110 00000111 00001010 00000011 01000010 00001100  ....B.
0000016e: 00001001 00000111 00010110 00010000 00000110 01001111  .....O
00000174: 00000000 00001010 00001010 00001111 00010001 00000001  ......
0000017a: 01010011 00011010 00000111 00010010 00010000 00001010  S.....
00000180: 01000001 00000001 00010000 00000001 00001011 00001110  A.....
00000186: 00011010 00000111 00001011 01000001 00010100 00001011  ...A..
0000018c: 00000001 00011010 00000111 01010111 00000011 00011011  ...W..
00000192: 01000001 00000110 00001101 00011110 00001011 00011100  A.....
00000198: 01010111 00010111 00011111 00001110 00011100 01000100  W....D
0000019e: 00000111 00000110 00001010 01010111 00010001 00011011  ...W..
000001a4: 00001000 00011110 00001000 00011101 00001011 00011100  ......
000001aa: 00000100 01101111 01100101 00010101 00011010 00000001  .oe...
000001b0: 01010011 00011000 00000000 00011110 00000001 00001010  S.....
000001b6: 01000001 00011101 00000010 01010011 00011110 00011101  A..S..
000001bc: 00010110 00011011 00001010 00010011 01010010 00010000  ....R.
000001c2: 00011100 01001110 00000111 00010010 00010000 01001111  .N...O
000001c8: 00010110 00011010 00001011 01010011 00000111 00011100  ...S..
000001ce: 01010111 00001011 00000001 01000001 00011010 00000001  W..A..
000001d4: 00000001 01001110 00011111 00000010 00010000 00001010  .N....
000001da: 01000001 00000000 00000101 00010111 00000111 00001110  A.....
000001e0: 00011001 00000001 00001010 01000001 00010011 01000100  ...A.D
000001e6: 00010001 00001011 00001110 00010100 00001101 00000001  ......
000001ec: 01000001 00010111 00010010 00010110 00011100 01001111  A....O
000001f2: 00000011 00001101 01100010 01101011 00000110 00001100  ..bk..
000001f8: 00010110 01001110 00011100 00000011 00001101 00011101  .N....
000001fe: 00001100 00000110 00001011 00000000 00011101 00001010  ......
00000204: 00010011 01000010 00000111 00000100 00010011 00010110  .B....
0000020a: 00000111 01001110 00000000 00010001 01000010 00000010  .N..B.
00000210: 00000000 00011100 01001000 01010011 00100011 00001110  ..HS#.
00000216: 00000101 00011011 01000011 01000001 00000001 00010000  ..CA..
0000021c: 00010010 00011100 01001111 00011000 00000100 01001111  ..O..O
00000222: 00010101 00011010 00000001 01010011 00011101 00001010  ...S..
00000228: 00010110 01001100 01100010 01101011 01111111 01101110  .Lbk.n
0000022e: 00100111 00000110 00001010 01010111 00010110 00000111  '..W..
00000234: 00010011 00010111 00000001 01010011 00001001 00000110  ...S..
0000023a: 00000101 00001110 01001111 00000111 00000000 00001101  ..O...
00000240: 00010110 00000000 00001011 00000100 01000010 00011000  ....B.
00000246: 00000100 00000000 00000001 01010011 00011101 00001010  ...S..
0000024c: 00010110 00010110 00001010 00000101 01010010 00001011  ....R.
00000252: 00011101 01001110 00011011 00011111 00000111 01001111  .N...O
00000258: 00010011 00011101 00000111 00011000 00011101 01000011  .....C
0000025e: 01010111 00000111 00000001 00001011 00011101 00011101  W.....
00000264: 00011010 00000000 00001000 01010111 00010110 00000111  ...W..
0000026a: 00000100 01010010 00000001 00000101 00001011 00000001  .R....
00000270: 00011110 00001100 00001000 01101100 01111000 00010111  ...lx.
00000276: 00010000 00001011 00000001 00010010 01000010 00001110  ....B.
0000027c: 00001111 00010110 01000100 00000111 00000110 00001010  ..D...
00000282: 01010111 00000011 00000110 00010011 01010010 00010011  W...R.
00000288: 00011011 00000111 00001100 00011111 01000010 00011000  ....B.
0000028e: 00000000 00000001 01000100 00010101 00011100 00001010  ..D...
00000294: 00000100 00001010 01001111 00000011 00000111 00010000  ..O...
0000029a: 01010011 00000000 00000000 00000011 01000010 00011011  S...B.
000002a0: 00001110 00011101 01000100 00010000 00000110 00000110  ..D...
000002a6: 00011011 00001110 00010110 01001111 01010010 00101001  ...OR)
000002ac: 00010010 00000000 00010110 01010111 00000011 01001111  ...W.O
000002b2: 00010101 00011011 00001001 00010110 01001110 00001110  ....N.
000002b8: 00011001 00000110 01100010 01101011 00011101 00000010  ..bk..
000002be: 00000111 01001110 00011000 00010010 00010000 00001010  .N....
000002c4: 01000001 00000110 00001100 00010110 00010111 01001111  A....O
000002ca: 00000000 00001101 00000001 00010101 01010010 00010000  ....R.
000002d0: 00011100 01001110 00001100 00011000 00001111 00001010  .N....
000002d6: 01000001 00000110 00001100 00010110 00011100 00001010  A.....
000002dc: 01010111 00010110 00000000 01000001 00000110 00001100  W..A..
000002e2: 00010010 00011010 01001111 00010001 00000011 00011001  ..O...
000002e8: 00001110 00000111 00010110 00011010 00011010 00001010  ......
000002ee: 01010111 00001100 00000000 00001110 00011001 01000100  W....D
000002f4: 00000111 00000001 01001111 00011111 00000011 00011001  ..O...
000002fa: 00000100 01010010 00000101 01010011 00001101 00000000  .R.S..
00000300: 00000100 00011011 01100010 01101011 00010001 00001100  ..bk..
00000306: 00010010 00011010 01001111 00010101 00000111 00011100  ..O...
0000030c: 00001000 00010110 00000001 01010011 00011010 00000111  ...S..
00000312: 00010010 01000010 00011100 00010001 00010011 00010110  .B....
00000318: 00011000 00000010 00000110 00011001 00000101 01001111  .....O
0000031e: 00010110 00010011 00010010 00010110 00011101 01001111  .....O
00000324: 00010110 00001100 00001011 01000001 00010110 00001101  ...A..
0000032a: 00000000 00001101 00011010 00000100 00010001 01001111  .....O
00000330: 00001100 00010011 00010000 00000111 00001011 00011101  ......
00000336: 00000100 01000010 00001001 00000100 00011111 00001101  .B....
0000033c: 00011101 00000111 00000001 00010010 01001110 01001111  ....NO
00000342: 00100010 00011011 00010111 00000000 00010111 01100010  "....b
00000348: 01111101 00100001 00001110 00000111 00010100 00010110  }!....
0000034e: 00010110 00010111 01001111 00010110 00001100 00001011  ..O...
00000354: 01000001 00110111 00000000 00001010 01001110 00101101  A7..N-
0000035a: 00011000 00000011 00011101 00000101 00011111 00000101  ......
00000360: 00011101 01001110 00011000 00011110 00010110 00000111  .N....
00000366: 01000001 00000110 00001100 00010110 01001110 00001101  A...N.
0000036c: 00010110 00000000 00010110 01000001 00011011 00001010  ...A..
00000372: 01010011 00011010 00000111 00010010 01000010 00011111  S...B.
00000378: 00010100 00000001 00001100 00010000 00001111 00011101  ......
0000037e: 01010111 00000011 00000001 00000101 01010010 00110000  W...R0
00000384: 00011100 00000011 00000010 00001110 01000010 00001110  ....B.
0000038a: 00001111 00010110 01101001 01111001 00100100 00001110  ..iy$.
00000390: 00010100 00001001 00010110 01000001 00110001 00000101  ...A1.
00000396: 00010101 00001000 00011101 00010010 00011011 01000011  .....C
0000039c: 01000001 00000110 00010011 00011100 01001110 00000011  A...N.
000003a2: 00011110 00010110 00011011 00001101 00010111 01000100  .....D
000003a8: 00010000 00011011 00011101 00011011 00011011 00000111  ......
000003ae: 00000100 00010011 00000000 00010110 00001010 01001111  .....O
000003b4: 00010101 00001101 00010110 00010010 01011110 01000100  ....^D
000003ba: 00010111 00011100 00001010 00000100 00010001 00001010  ......
000003c0: 00000101 01010010 00001101 00011101 01001110 00011100  .R..N.
000003c6: 00010110 00001011 00000011 00001110 00000000 01000100  .....D
000003cc: 00000000 00011011 00000110 00000011 00010001 01001111  .....O
000003d2: 00010110 00011011 00010000 00011011 01100011 01100101  ....ce
000003d8: 00010100 00000011 00011111 00010010 01010010 00010000  ....R.
000003de: 00011100 01001110 00000010 00010110 00010110 00001100  .N....
000003e4: 00001001 01010010 00000101 00011101 00001010 01001111  .R...O
000003ea: 00000011 00001010 00001010 01000001 00011100 00000101  ...A..
000003f0: 00011110 00001011 01001111 00111111 01001100 01001111  ..O?LO
000003f6: 00101100 01011100 01000100 00100000 01000000 01001111  ,\D @O
000003fc: 00110101 00000111 00000011 00001101 00010111 00001101  5.....
00000402: 00000000 00000010 00001010 01010111 00010010 00011101  ...W..
00000408: 00001000 00011100 00010000 00010110 00001010 01001111  .....O
0000040e: 00011000 00001100 01001111 00000011 00011101 00010000  ..O...
00000414: 00011011 01000000 01001111 00110001 00001101 00011101  .@O1..
0000041a: 01000001 00100110 00001011 00011110 00000011 00010110  A&....
00000420: 01111010 01101000 00001110 00001111 00010110 01000100  zh...D
00000426: 00111001 00001111 00001100 00011100 00011011 01001111  9....O
0000042c: 00100010 00010011 00000010 00010101 00011100 00001010  ".....
00000432: 00001110 01000010 00011000 00000100 00000000 00000001  .B....
00000438: 01010011 00011010 00011000 00011110 00001100 00011100  S.....
0000043e: 01001101 01010010 00010111 00010000 00001111 00011101  MR....
00000444: 00010100 00000111 01001111 00000111 00011101 00010001  ..O...
0000044a: 00000001 01001110 00010110 00010010 00000011 00011101  .N....
00000450: 00010010 01010010 00001011 00011111 00001010 01001111  .R...O
00000456: 00010110 00001100 00001011 01000001 00000100 00000001  ...A..
0000045c: 00000001 00010111 01001111 00011001 00001101 00000110  ..O...
00000462: 00010010 00001011 01000100 00010010 00000000 00001011  ..D...
00000468: 01111010 01101000 00011100 00010001 00011101 00001101  zh....
0000046e: 00011111 00001011 00001011 01010111 00010110 00011000  ...W..
00000474: 00001000 00011100 00010111 01010011 00011101 00000000  ...S..
0000047a: 00011010 00000111 00011011 00001000 00011111 00000001  ......
00000480: 00000000 01001110 00001101 00000010 00010110 01001111  .N...O
00000486: 00000111 00011101 00010110 01010011 00001111 00000011  ...S..
0000048c: 00011011 01000010 00011011 00001001 00010011 00010000  .B....
00000492: 01010011 00001010 00001110 00000101 00001110 00000110  S.....
00000498: 00001111 00010101 01000100 00011111 00000111 00011011  ..D...
0000049e: 00000011 00001110 00001010 01000001 00010100 00000001  ...A..
000004a4: 00011111 00000010 00000000 00000000 00010001 01001111  .....O
000004aa: 00010110 00011011 00010000 00011011 01100011 01100101  ....ce
000004b0: 00010101 00010000 00000110 00000110 00011010 00010000  ......
000004b6: 01010011 00000011 00001010 00000101 00010000 00010110  S.....
000004bc: 01000001 00010100 00000101 00010000 00001011 00011100  A.....
000004c2: 01010111 00000011 00000001 00000101 01010010 00000001  W...R.
000004c8: 00011101 00001010 00001010 00010110 00010000 00000110  ......
000004ce: 00001111 00010101 01000100 00000100 00001111 00010110  ..D...
000004d4: 00000100 01000010 00001110 00000011 00011101 00010001  .B....
000004da: 00000111 01001110 00011011 00011111 00000111 00000010  .N....
000004e0: 01001111 01010010 00110000 00011011 00001011 00010110  OR0...
000004e6: 01010111 00010101 00001010 00010011 00010111 01000100  W....D
000004ec: 00010111 00001111 00001101 00010101 00001110 00000110  ......
000004f2: 00001111 00010101 01000100 00011010 00000000 01100010  ..D..b
000004f8: 01111101 00010110 00000111 00000100 01010010 00010111  }...R.
000004fe: 00010010 00000000 00001011 01010111 00010101 00000110  ...W..
00000504: 00010101 00011010 01000100 00000111 00000110 00001010  ..D...
0000050a: 00011110 00010000 01001111 00010010 00000010 00000101  ..O...
00000510: 00010111 00001011 00011100 01010111 00000011 00000001  ...W..
00000516: 00000101 01010010 00000110 00000110 00001101 00000100  .R....
0000051c: 00010010 00010110 00011100 01001101 01010010 00000110  ...MR.
00000522: 00000110 00000111 00000011 00010011 00001011 00000001  ......
00000528: 00000110 01010010 00000111 00010010 00011101 00011011  .R....
0000052e: 00011011 00000111 00011100 01000001 00010011 00010111  ...A..
00000534: 01010011 00001101 00000111 00011110 00001110 00001011  S.....
0000053a: 00010011 00010111 00001010 01010011 00001010 00000000  ...S..
00000540: 01011011 01101111 01100101 00001110 00000000 01000100  [oe..D
00000546: 00000011 00000010 00001110 00001110 00001011 00000001  ......
0000054c: 00000110 01010010 00010011 00011010 00011010 00000111  .R....
00000552: 01010111 00010110 00000111 00000100 00011011 00010110  W.....
00000558: 01010011 00001100 00000110 00010000 01000010 00001100  S...B.
0000055e: 00001110 00011110 00001011 00000110 00011100 00001010  ......
00000564: 00010011 01000010 00001101 00000000 00011110 00001000  .B....
0000056a: 01011111 01001110 00000111 00010110 00010010 00011111  _N....
00000570: 00011000 01010010 00000101 00000000 01001110 00011011  .R..N.
00000576: 00011111 00000111 01001111 00000101 00010011 00011101  ..O...
0000057c: 01010011 00011001 00001110 00000100 01000010 00000011  S...B.
00000582: 00001110 00011100 00000011 01011101 01001110 00101110  ...]N.
00000588: 00011001 00000110 01100010 01101011 00110111 00000000  ..bk7.
0000058e: 00001010 01001110 00101101 00011000 00000011 00011101  .N-...
00000594: 00000101 00011111 00000101 00011101 01001110 00011000  ....N.
0000059a: 00010110 00010001 01001111 00010011 00011101 00000111  ..O...
000005a0: 00011000 00000111 00000001 00010000 01000010 00011011  ....B.
000005a6: 00001001 00010111 01000100 00010000 00000110 00011010  ..D...
000005ac: 00010101 00000000 00010110 01000001 00010000 00000101  ...A..
000005b2: 00010001 00010111 01001111 00000011 00001101 01001111  ..O..O
000005b8: 00000000 00011100 00000000 01010011 00001000 00011101  ...S..
000005be: 00011000 01000010 00000110 00001111 01010010 00010000  .B..R.
000005c4: 00011011 00001011 01001111 00000111 00010111 00011100  ..O...
000005ca: 00001001 00010001 00000101 00000001 01001110 00011000  ....N.
000005d0: 00011111 00001011 00000011 00000100 01111111 01101110  .....n
000005d6: 00000111 00000110 00001110 00000011 01000010 00010110  ....B.
000005dc: 00001110 00000111 00001010 00010100 01001110 00001000  ....N.
000005e2: 00010010 00001100 00011011 00001101 00010111 00001001  ......
000005e8: 00010010 00000000 01001111 00010001 00000011 00000110  ..O...
000005ee: 00010011 00011110 00011101 01010011 00001101 00000111  ...S..
000005f4: 00000010 00000001 00000100 00001101 00010111 00000000  ......
000005fa: 01010011 00011001 00000110 00000011 00001010 01001111  S....O
00000600: 00000101 00010111 00001000 00011010 00001001 00000111  ......
00000606: 00000011 01001100 01001111 00101001 00010111 01000100  .LO).D
0000060c: 00000100 00001111 00011100 01010111 00000000 00011010  ...W..
00000612: 00010101 01010010 00000001 00011111 00001011 00011001  .R....
00000618: 00010010 00001100 01100010 01101011 00011111 00001011  ..bk..
0000061e: 00011101 00011010 00000111 00000100 01000010 00001110  ....B.
00000624: 00001111 00010110 01000100 00011101 00000111 00000001  ..D...
0000062a: 00010010 01000010 00001011 00000000 00001011 00010111  .B....
00000630: 01010011 00000001 00000011 00010011 01000010 00001110  S...B.
00000636: 00001111 00010110 01001000 01010011 00011010 00000111  ..HS..
0000063c: 00011000 00010111 00001000 00001001 01010010 00010111  ....R.
00000642: 00000111 00000111 00000011 00011011 01000010 00001110  ....B.
00000648: 01000001 00000110 00001101 00011101 00010111 01001111  A....O
0000064e: 00000011 00001101 00001011 00000101 00011110 00000001  ......
00000654: 00000001 01000010 01001111 00000000 00000011 00011100  .BO...
0000065a: 01000001 00011000 00010001 00000000 00011010 01100010  A....b
00000660: 01111101 00000000 00001010 00000110 00011011 00001010  }.....
00000666: 00011101 00000111 00000001 00010000 01000010 00011011  ....B.
0000066c: 00001110 01010010 00001000 00011010 00011101 00011111  .R....
00000672: 01010111 00001010 00000110 00010010 01010010 00000010  W...R.
00000678: 00011010 00011100 00011100 00000011 01000010 00001101  ....B.
0000067e: 00000000 00010000 00011101 00011010 00011101 00000111  ......
00000684: 01010111 00010101 00000000 00010011 00010110 00010111  W.....
0000068a: 01011101 01001110 00101100 00011110 00010001 00011100  ]N,...
00000690: 00011000 01010010 00100111 00010010 00001000 00001001  .R'...
00000696: 00000101 00000111 00010110 01000001 00010000 00000001  ...A..
0000069c: 00011101 00011010 01001111 00011000 00010100 00001010  ..O...
000006a2: 00010011 01010010 00010000 00011100 01100011 01100101  .R..ce
000006a8: 00011111 00001011 00000010 01000001 00000110 00001011  ...A..
000006ae: 01010011 00011010 00001010 00010110 00010001 00001010  S.....
000006b4: 01000001 00011010 00001101 00000000 01001110 00001001  A...N.
000006ba: 00010110 00010110 01001111 00001101 00011011 00010000  ..O...
000006c0: 00000111 00000010 00001010 01010111 00010010 00000011  ...W..
000006c6: 00010100 00010001 00001111 00000000 01001110 00001110  ....N.
000006cc: 00011001 00000110 01001111 00010101 00011010 00000001  ..O...
000006d2: 01010011 00001010 00001110 00011110 00001100 00011011  S.....
000006d8: 00011000 01010010 00000000 00011010 00000011 00011111  .R....
000006de: 00011011 00000111 01001111 00001000 00011100 01000100  ..O..D
000006e4: 00011011 00000111 00011100 01010111 00000001 00000111  ...W..
000006ea: 00001000 00011100 01001010 01111110 01100100 01100010  ..J~db
000006f0: 01111101 01101000                                      }h
