00000000: 00100011 00000111 00000001 00010010 00000011 00011111  #.....
00000006: 00010001 00011110 00000001 01010011 00011100 00000000  ...S..
0000000c: 00010100 00001001 01000011 01000001 00011110 00000001  ..CA..
00000012: 00011110 00000001 00000001 01010111 00010010 00000011  ...W..
00000018: 00000000 00000110 00010000 01011111 01001110 00001101  ..._N.
0000001e: 00000010 00010110 00011011 00000100 00000000 01000100  .....D
00000024: 00000000 00001101 00000000 00000011 00000001 00000111  ......
0000002a: 01001111 01010010 00100101 01010011 00011101 00011010  OR%S..
00000030: 00010000 00000011 00011101 00010010 00000110 00001101  ......
00000036: 00010000 00000101 00010110 01010111 00000101 00000110  ...W..
0000003c: 00010011 00011110 01101001 01111001 00011101 00000111  ..iy..
00000042: 00011000 00010100 00001010 00001101 00011110 00001101  ......
00000048: 00011101 00001001 01001111 00000100 00000001 00000000  ..O...
0000004e: 00001110 00000010 00000010 00000110 00000010 00011100  ......
00000054: 01010111 00001101 00001001 01000001 00010001 00010110  W..A..
0000005a: 00010110 00001111 00000010 00000100 01000010 00001001  ....B.
00000060: 00001110 00000000 01000100 00010010 01001110 00001100  ..D.N.
00000066: 00011111 00010000 00000110 00010010 00000110 00001101  ......
0000006c: 00010010 00000000 01001111 00010101 00010000 00000000  ..O...
00000072: 00010101 00011010 00000001 00000001 01000000 01001111  ....@O
00000078: 00100100 00001101 00000010 00000100 01010010 00010111  $...R.
0000007e: 00010000 00000110 00000000 00011000 00001110 01100010  .....b
00000084: 01101011 00000110 00010110 00010110 00001111 00011011  k.....
0000008a: 01011001 01000010 00101101 00000000 00010110 01000100  YB-..D
00000090: 00010101 00000001 00011101 01010111 00010110 00000111  ...W..
00000096: 00000100 00011011 00010110 01010011 00011010 00011010  ...S..
0000009c: 00011010 00001111 00000110 00000100 00000001 01001010  .....J
000000a2: 01010011 00100010 00000000 00001101 00000111 00000001  S"....
000000a8: 00000110 00010111 01000100 00010010 00000000 00001011  ..D...
000000ae: 01010111 00000001 00000000 00001100 00010100 00001101  W.....
000000b4: 00000111 01001110 00000010 00010110 00001100 00011010  .N....
000000ba: 00000111 00010011 00000111 00000111 00011011 00011101  ......
000000c0: 00010010 00010000 01001111 00010101 00011101 01000100  ..O..D
000000c6: 00111011 00000111 00011100 01111010 01101000 00100010  ;..zh"
000000cc: 00000000 00011000 00000001 00000000 00011010 00010110  ......
000000d2: 01010111 00010110 00000111 00000100 01010010 00101111  W...R/
000000d8: 00011010 00000000 00001000 01011001 01000010 00101000  ...YB(
000000de: 00001110 00010110 01001010 01010011 00111101 00001110  ..JS=.
000000e4: 00000001 00000111 01000001 01000001 00111101 00010001  ..AA=.
000000ea: 00000001 01000000 01001111 00100100 00001011 00011011  .@O$..
000000f0: 00010101 00011011 00001010 00010100 01001110 00000000  ....N.
000000f6: 00011001 01000010 00000111 00001000 00000001 01000100  .B...D
000000fc: 00000111 00000110 00011101 00011000 00001100 00001010  ......
00000102: 01000001 00000001 00010001 00010000 00000101 00000110  A.....
00000108: 00011001 00000101 01001111 00010011 00010111 00000000  ..O...
0000010e: 01111110 01100100 00000101 00000010 00001000 00011010  ~d....
00000114: 00000011 00010111 00010111 01010011 00011001 00000111  ...S..
0000011a: 00011110 00010110 00001010 01001111 01111111 01101110  ...O.n
00000120: 01111110 01100100 00101110 01010111 00010001 00000000  ~d.W..
00000126: 00001100 00010000 00010110 00010110 01001110 00110110  ....N6
0000012c: 01011001 01000010 00100010 01001111 01010010 00100111  YB"OR'
00000132: 01011101 01001110 00101110 01011001 01000010 00010110  ]N.YB.
00000138: 00001110 00000111 00001010 00010100 01001110 00000010  ....N.
0000013e: 00010110 00001100 01000011 01000001 00000101 00000101  ..CA..
00000144: 00000111 00001101 00000111 00010001 00010111 00000011  ......
0000014a: 01000001 00010011 00001001 00011100 00000000 00001000  A.....
00000150: 01010111 00010110 00000111 00000100 01010010 00010011  W...R.
00000156: 00010010 00011100 00000010 01010111 00010001 00011000  ...W..
0000015c: 00000100 00010111 00010000 01010011 00001000 00011010  ...S..
00000162: 00011010 00000111 00011100 01000001 00011101 00000010  ...A..
00000168: 01111110 01100100 00101000 00000101 00000011 00000111  ~d(...
0000016e: 00000000 00011111 01000100 00111111 00001011 00000010  ..D?..
00000174: 00011000 00001100 10001101 11100001 11101011 00010111  ......
0000017a: 01011111 01001110 00011111 00011011 00000011 00001100  _N....
00000180: 00000100 00010110 01000100 00010010 01001110 00011011  ..D.N.
00000186: 00011111 00010000 00000000 00010110 00010011 00010011  ......
0000018c: 00010010 00010111 01001111 00011110 00001100 01001111  ..O..O
00000192: 00000000 01010010 00001100 00010010 00000000 00001011  .R....
00000198: 01010111 00001101 00001001 01000001 00111111 00010110  W..A?.
0000019e: 01010011 00101100 00000011 00011000 00001101 00000010  S,....
000001a4: 01001111 01111111 01101110 01111110 01100100 00100111  O.n~d'
000001aa: 00010010 00000011 00011101 00010101 01010010 00010000  ....R.
000001b0: 00011100 01001110 00000111 00010010 00000011 00011101  .N....
000001b6: 00010101 01010010 00010000 00010010 00000010 00000100  .R....
000001bc: 00000100 01001100 01100010 01101011 01111111 01101110  .Lbk.n
000001c2: 00110001 00000010 00000000 00011000 01001100 01000001  1...LA
000001c8: 01001111 01010010 00101001 00010110 01010001 01001111  OR).QO
000001ce: 00111001 00001101 01000001 01101100 01111000 01101001  9.Alxi
000001d4: 01111001 00101100 00000011 00011000 00001101 00001011  y,....
000001da: 01000001 00011101 00000010 01010011 00011010 00000111  A..S..
000001e0: 00010010 01000010 00100011 00000000 00011111 00000110  .B#...
000001e6: 01011101 01100011 01100101 01111010 01101000 00100111  ]cezh'
000001ec: 00001000 00000001 01000100 00000000 00000010 00000000  ..D...
000001f2: 00000000 01000010 00001001 00000100 00010111 00010000  .B....
000001f8: 01010011 00011001 00001110 00011011 00001001 00001010  S.....
000001fe: 00000101 01010010 00001100 00011010 00000011 01001111  .R...O
00000204: 00000101 00001011 00011001 00000100 00000000 00010011  ......
0000020a: 00010010 00011100 00001011 01011011 01000010 00011101  ...[B.
00000210: 00000100 00010011 00000000 00011010 00000000 00001000  ......
00000216: 01011001 01000010 00101110 00010011 00010111 01000100  YB...D
0000021c: 00001010 00000001 00011010 01010111 00010001 00001110  ...W..
00000222: 00010111 00010111 00000000 01001100 01001110 00101110  ...LN.
00000228: 00011011 00001110 01001111 00000000 00000000 00000001  ..O...
0000022e: 01111110 01100100 00011000 00010110 00010001 00000111  ~d....
00000234: 00000100 00010110 01000100 00011010 00000000 01001111  ..D..O
0000023a: 00000011 00001010 00001010 01000001 00010000 00001000  ...A..
00000240: 00011100 00000001 00001011 01010111 00001101 00001001  ...W..
00000246: 01000001 00000110 00001100 00010110 01001110 00000011  A...N.
0000024c: 00010110 00001111 00001101 01001111 01010010 00100011  ...OR#
00000252: 00011100 00001010 01001111 00000000 00000011 00000001  ..O...
00000258: 00010101 00000001 01000100 00010001 00000010 00000000  ..D...
0000025e: 00011000 00000110 01001111 00010111 00011011 00000111  ..O...
00000264: 00000111 00000111 00000010 01011001 01000010 00101101  ...YB-
0000026a: 00001000 00000000 00010000 00011011 01000010 01001111  ....BO
00000270: 00011111 00011011 00000010 00000100 00011100 01001000  .....H
00000276: 01111110 01100100 00000010 00010110 00010000 00011011  ~d....
0000027c: 00011000 00000000 01001000 01010011 00011001 00001110  ..HS..
00000282: 00000101 01001110 01001111 00000111 00011101 00010001  .NO...
00000288: 00011101 00001010 00001110 00000011 00001011 00000000  ......
0000028e: 00001111 01010010 00001011 00010101 01001110 00001110  .R..N.
00000294: 01010111 00000000 00011010 00001000 00011110 00000000  W.....
0000029a: 00011010 00000000 00001000 01011011 01000010 00011100  ...[B.
000002a0: 00000000 00010001 00010110 00011010 00001000 00000110  ......
000002a6: 00010100 00000111 01000011 01000001 00011001 00001101  ..CA..
000002ac: 00010111 00000000 00001010 00001110 01000010 00001101  ....B.
000002b2: 00010100 00000000 00001010 00000111 00000001 00001001  ......
000002b8: 00010001 00000111 00011101 00001000 00011100 00000011  ......
000002be: 01011111 01100011 01100101 00010011 00010000 00011010  _ce...
000002c4: 00001000 00010110 00010111 10010001 11101110 11110110  ......
000002ca: 01010111 00000011 00000011 00010101 00010011 00010110  W.....
000002d0: 00000000 01000000 01001111 00110010 00001110 00000110  .@O2..
000002d6: 00001011 00010011 00001100 01010011 00000111 00011100  ...S..
000002dc: 01010111 00000001 00000000 00001100 00011011 00001010  W.....
000002e2: 00010100 01000000 01001111 00110011 00010000 01001111  .@O3.O
000002e8: 00101011 00011101 00001100 00011101 01001110 00101110  +...N.
000002ee: 00011011 00000111 00010111 00000000 00011100 00000000  ......
000002f4: 00010110 00011100 01001111 00110011 00001101 00011000  ..O3..
000002fa: 00001000 00010111 01000100 00000001 00001011 00011100  ..D...
00000300: 00000011 00001101 00011101 00000100 00000000 01000100  .....D
00000306: 00011100 00001000 01100010 01111101 00010110 00000111  ..b}..
0000030c: 00000100 01010010 00000111 00011011 00011011 00011101  .R....
00000312: 00010100 00001010 01001111 00001000 00011100 01000100  ..O..D
00000318: 00101001 00000111 00000000 00011001 01000010 00000110  )...B.
0000031e: 00010010 01010010 00000111 00011100 00000011 00000110  .R....
00000324: 00011001 00000101 01000001 01101100 01111000 01101001  ..Alxi
0000032a: 01111001 01001110 01001111 01010111 01000010 01001111  yNOWBO
00000330: 01000001 00111011 00010111 01010011 00001101 00000000  A;.S..
00000336: 00011010 00001011 00000001 00000110 01010011 01000100  ....SD
0000033c: 00111010 00011101 01001111 00010100 00001101 00000010  :.O...
00000342: 00001000 00011100 00000011 01010010 01001111 01001111  ...ROO
00000348: 00111110 00010001 01001111 00000010 00011101 00001001  >.O...
0000034e: 00011010 00000000 00001000 01010110 01000011 01001110  ...VCN
00000354: 01101100 01111000 01000100 01010011 01001110 01001111  lxDSNO
0000035a: 01010111 01000010 00101110 00001101 00011110 01000100  WB...D
00000360: 00011011 00001011 00001110 00000101 00010110 00000110  ......
00000366: 00001101 00001011 01000100 00000100 00001011 00000011  ..D...
0000036c: 00010100 00001101 00000010 00000100 01011100 01101001  ....\i
00000372: 01111001 00111110 00001110 00001110 00001011 00000001  y>....
00000378: 00000110 01010010 00000011 00010010 00000011 00001010  .R....
0000037e: 01011001 01000010 00111011 00001110 00000000 00010110  YB;...
00000384: 00001010 01001110 00001110 00011001 00000110 01001111  .N...O
0000038a: 00100000 00011110 00000001 00001011 00001111 00000001   .....
00000390: 00010011 00000111 00011101 01000001 00011110 00000101  ...A..
00000396: 00000000 00011010 01001111 00001110 00000111 00001110  ..O...
0000039c: 00010011 01011100 01000100 00100011 00000001 00000011  .\D#..
000003a2: 00001110 00000101 00001110 00001100 00001011 01001010  .....J
000003a8: 01010011 00100110 00000110 00000100 01000010 00011000  S&..B.
000003ae: 00001000 00010100 00000001 01010011 00011001 00000110  ...S..
000003b4: 00011011 00001110 01001111 00010001 00000111 00010000  ..O...
000003ba: 01111110 01100100 00011011 00011111 00000111 01001111  ~d...O
000003c0: 00010010 00000110 00001011 00000011 00011110 00001010  ......
000003c6: 00000101 01000010 00000000 00001111 01010010 00010000  .B..R.
000003cc: 00011011 00001111 00011011 01011001 01000010 00111000  ...YB8
000003d2: 00001001 00010111 00010110 00010110 01001110 00011000  ....N.
000003d8: 00010110 00010001 01001111 00010101 00011010 00000101  ..O...
000003de: 00000111 01001110 00001110 00010011 01000010 00011100  .N..B.
000003e4: 00001110 00011111 00000001 01010011 00101100 00000110  ...S,.
000003ea: 00000101 00001111 00000110 00001111 00010101 00001100  ......
000003f0: 00010010 00000011 01001111 00010001 00001011 00011101  ..O...
000003f6: 00001100 01010010 00010000 00011011 00001011 01001111  .R...O
000003fc: 00011011 00010111 00000010 00001000 00011100 00001011  ......
00000402: 00000110 00011101 01100010 01111101 00000001 00011101  ..b}..
00000408: 00010100 00010001 00001101 00010101 00000111 00010111  ......
0000040e: 01011001 01000010 00100000 00010100 00000000 01000100  YB ..D
00000414: 00100000 00001111 00011001 00011110 00001101 00011010   .....
0000041a: 00010011 01011100 01000100 00100100 00001111 00000100  .\D$..
00000420: 00010010 01000010 00011010 00010001 01010010 00001101  .B..R.
00000426: 00011101 01001110 00011011 00011111 00000111 01001111  .N...O
0000042c: 00000101 00010111 00000101 00010111 01001110 00000000  ....N.
00000432: 00010001 01000010 00000001 00001000 00010101 00001100  .B....
00000438: 00000111 01001110 00001110 00011001 00000110 01001111  .N...O
0000043e: 00010010 00010111 00000001 01010011 00000110 00000110  ...S..
00000444: 00011010 01000010 00000000 00001111 01010010 00010000  .B..R.
0000044a: 00011011 00001011 01100010 01111101 00010101 00001110  ..b}..
00000450: 00001101 00011110 01001000 01010011 00000110 00001110  ..HS..
00000456: 00011001 00000101 00000110 00001111 00010101 01001010  .....J
0000045c: 01010011 00111110 00001010 00000111 00010010 00001010  S>....
00000462: 00010011 10010000 11100100 11101010 00011101 01001111  .....O
00000468: 00010000 00001010 00000000 00010010 00000110 01000100  .....D
0000046e: 00011010 00001010 00001010 00010110 01001100 01001111  ....LO
00000474: 00101000 00000000 00001011 00011101 01001110 00100001  (...N!
0000047a: 00010110 00001011 00000011 00010010 01010010 00110110  ....R6
00000480: 00010010 00000000 01001111 00111110 00001100 01000001  ..O>.A
00000486: 01101100 01111000 01101001 01111001 00111110 00000111  lxiy>.
0000048c: 00011000 00010001 00011111 00001001 00011101 00010110  ......
00000492: 00000110 00011101 01001111 00011110 00010110 01001111  ..O..O
00000498: 00001100 00000111 00010111 00000111 01001110 00001101  ....N.
0000049e: 00010010 01000010 00001011 00001110 00011100 00000001  .B....
000004a4: 01010011 00011001 00000110 00000011 00001010 01000001  S....A
000004aa: 01000001 00111011 00000010 01010011 00010111 00000000  A;.S..
000004b0: 00000010 01000010 00000011 00000100 00010011 00010010  .B....
000004b6: 00010110 01001110 00001110 01010111 00000000 00000110  .N.W..
000004bc: 00010101 01010010 00001011 00010101 01001110 00001100  .R..N.
000004c2: 00011000 00000110 00001001 00001000 00000001 00001100  ......
000004c8: 01010011 00001000 00000000 00000101 01101111 01100101  S...oe
000004ce: 00001000 00011100 00010111 00000111 00001111 00000001  ......
000004d4: 00010100 00000111 01000001 01000001 00111011 01000100  ..AA;D
000004da: 00010000 00000001 00011010 00011011 00000110 01001111  .....O
000004e0: 00010010 00010111 00000001 01010011 00011010 00000111  ...S..
000004e6: 00010010 01000010 00001101 00001101 00000111 00000001  .B....
000004ec: 00001010 01001110 00011100 00011110 00001110 00011001  .N....
000004f2: 00000100 00000000 01000100 00011100 00011000 00001010  ..D...
000004f8: 00000101 01000010 00000110 00010101 01011100 01000100  .B..\D
000004fe: 00111101 00000111 00001000 00011111 00010110 01001111  =....O
00000504: 00101000 01010010 00010011 00010110 00000000 00011011  (R....
0000050a: 01010111 00000110 00000000 00010110 00011100 01000100  W....D
00000510: 00000111 00000001 01001111 00000011 00001010 00001010  ..O...
00000516: 01101100 01111000 00010100 00010010 00000000 00011011  lx....
0000051c: 00000101 00011011 01001111 00001000 00011100 01000100  ..O..D
00000522: 00000111 00000110 00001010 01010111 00001001 00000110  ...W..
00000528: 00010101 00010001 00001100 00010110 00000000 01000001  .....A
0000052e: 01010111 00100110 00000000 00001111 10010000 11100100  W&....
00000534: 11101010 00011010 01001111 00011011 00001011 00000100  ..O...
0000053a: 00000100 01010010 00000101 00011111 00000010 01001111  .R...O
00000540: 00000011 00001010 00001010 01000001 00000001 00001001  ...A..
00000546: 00010110 00000010 00000011 00000100 01000010 00000110  ....B.
0000054c: 00001111 01010010 00001101 00000111 01001110 00011000  .R..N.
00000552: 00010110 00001011 00011011 00001000 00011100 00000011  ......
00000558: 01010011 00011010 00000000 01111010 01101000 00011101  S..zh.
0000055e: 00010100 00000001 00001100 01010011 00000001 00011010  ...S..
00000564: 00000011 01001100 01001111 00110110 00011010 00000101  .LO6..
0000056a: 00000111 01001110 00011000 00010110 00010001 01001111  .N...O
00000570: 00001000 00000110 01000100 00000000 00000110 00001010  ..D...
00000576: 01010111 00010101 00001110 00001111 00000110 00000001  W.....
0000057c: 00010111 01010001 01001111 00100011 00001010 00001010  .QO#..
00000582: 01000001 00111111 00000101 00011111 00001111 00001000  A?....
00000588: 00010110 01000010 00011101 00000000 00011011 00010111  .B....
0000058e: 00011010 00000000 00011100 01011001 01000010 00111011  ...YB;
00000594: 00001001 00011011 00001010 00011000 00000111 00000001  ......
0000059a: 00010000 01000010 00000000 00000111 01010010 00110111  .B..R7
000005a0: 00000011 00001111 00000110 00011001 01001100 01100010  ....Lb
000005a6: 01101011 00110000 00000001 00010101 00000001 00011101  k0....
000005ac: 00010010 01000010 00111101 00010100 00010110 00011101  .B=...
000005b2: 01010011 00011001 00001110 00000100 01000010 00001101  S...B.
000005b8: 00001110 00000000 00001010 01011101 01001110 00111011  ...]N;
000005be: 00011111 00000111 01001111 00010001 00011010 00001011  ..O...
000005c4: 00000000 00011110 00000111 00011000 00010000 00001010  ......
000005ca: 00010010 00010001 00000001 00011101 00001101 00001010  ......
000005d0: 01011011 01000010 00011011 00001001 00010011 00010000  [B....
000005d6: 01010011 00001100 00000011 00000010 00000111 00010110  S.....
000005dc: 01000001 00010101 00010110 00010110 00001011 00000001  A.....
000005e2: 00001110 01001100 01001111 00110111 00010111 00010110  .LO7..
000005e8: 00001010 01001110 00001000 00011000 00001101 00001011  .N....
000005ee: 01101100 01111000 00000010 00011100 00011100 01001111  lx...O
000005f4: 00000011 00001010 00001010 01000001 00010000 00010110  ...A..
000005fa: 00010010 00000111 00000001 01011001 01101111 01100101  ...Yoe
00000600: 01101100 01111000 00100010 00000001 00000001 00000010  lx"...
00000606: 01010111 00100000 00011010 00010101 00011110 00000001  W ....
0000060c: 00000001 10001100 11101111 11101110 00010001 01001111  .....O
00000612: 00001100 00011101 00001010 00000110 00000011 00001010  ......
00000618: 00011001 00010110 01001111 00001001 00011101 00010001  ..O...
0000061e: 00000000 00001011 01001111 00010100 00001101 00011101  ..O...
00000624: 00001111 00010111 00010110 01010011 00000110 00001010  ...S..
0000062a: 01010111 00000101 00000011 00000000 00011100 00000111  W.....
00000630: 00010110 00001010 01001111 00010110 00001110 00000000  ..O...
00000636: 00001111 00010101 01000100 00110001 00001111 00001100  ..D1..
0000063c: 00011111 00000111 00000011 00001110 00000000 10000110  ......
00000642: 11110011 11110111 00011100 01111010 01101000 00011000  ...zh.
00000648: 00000000 00011110 00001111 01011101 01001110 00101011  ...]N+
0000064e: 00010010 00000110 00001110 00001101 00000111 00010111  ......
00000654: 10010001 11101110 11110110 01010111 00000110 00001110  ...W..
0000065a: 00010100 00010101 00001100 00000111 00001011 00011101  ......
00000660: 01010111 00010110 00000111 00000100 00000000 00000001  W.....
00000666: 01010011 00011101 00011011 00011110 00001110 00000011  S.....
0000066c: 01000001 00011101 00010001 00000111 00011101 00000110  A.....
00000672: 00010011 00000111 01001111 00100101 00011011 00001000  ..O%..
00000678: 00011111 00000001 00000001 10010101 11100010 11110110  ......
0000067e: 00010010 01010010 00000101 00000110 00001101 00011011  .R....
00000684: 00011110 00001101 00000001 00010011 00011101 00001011  ......
0000068a: 00011110 00011101 01000001 01111010 01101000 00100010  ..Azh"
00000690: 00010100 00000001 00010000 01010011 00001100 00001010  ...S..
00000696: 01010111 00010001 00001010 00001101 00011110 00001101  W.....
0000069c: 00011101 00001001 01001111 00011000 00000100 00001001  ..O...
000006a2: 01000001 00000001 00001011 00011110 00001011 01001111  A....O
000006a8: 00011000 00001110 00001011 01000001 00010100 00010001  ...A..
000006ae: 00000001 00000000 00000110 00000011 00010111 00011101  ......
000006b4: 00000100 01011100 01000100 00111000 00000000 00001010  .\D8..
000006ba: 00000000 01000010 00000111 00000100 00000000 01000100  .B...D
000006c0: 00010110 00010111 00001010 00000100 01000010 00001110  ....B.
000006c6: 00010101 01010010 00001011 00011101 00001101 00001010  .R....
000006cc: 01010111 00000100 00011101 00001110 00011111 01000100  W....D
000006d2: 00000111 00000110 00001010 01111010 01101000 00001001  ...zh.
000006d8: 00000000 00000110 00001100 00010110 00011100 01000001  .....A
000006de: 01010111 00101110 00000000 00000011 00010000 00001101  W.....
000006e4: 00011101 00001001 01001111 00010110 00000000 00000000  ..O...
000006ea: 00010100 00000110 01000100 00000100 00001111 00000110  ..D...
000006f0: 00000011 00001011 00000001 00000110 01010010 00000010  ....R.
000006f6: 00011100 00011100 01001111 00011111 00001011 00000010  ..O...
000006fc: 01001111 01010010 00101100 00011100 00000011 00001010  OR,...
00000702: 01010111 00000011 00000011 00010110 00010011 00011101  W.....
00000708: 00000000 01001110 00001101 00000101 00000111 00001110  .N....
0000070e: 00001010 00000001 01000100 00000110 00011110 01001111  ..D..O
00000714: 00000000 00001010 00001010 00001111 01010010 00010000  ....R.
0000071a: 00011011 00001011 01100010 01111101 00001111 00000000  ..b}..
00000720: 00010101 00011010 00000001 00000001 01001110 00001000  ....N.
00000726: 00011000 00000111 00011100 01001111 01010010 00100010  ...OR"
0000072c: 00011010 00001000 00011011 00010010 00000111 00000001  ......
00000732: 01000001 00010001 00001100 00011010 00000010 00001011  A.....
00000738: 00000101 00000111 00000001 01000001 00011010 00000001  ...A..
0000073e: 01010011 00000110 00001110 00010011 01001100 01001111  S...LO
00000744: 00100011 00011011 00010110 00000111 00000110 01001111  #....O
0000074a: 00010010 00010100 00001010 00010011 00001011 01000100  .....D
00000750: 00001010 00001011 00001110 00000101 01000010 00001110  ....B.
00000756: 00001101 00011111 00001011 00000000 00011010 01000001  .....A
0000075c: 01010111 00110110 00000111 00000000 00000110 10000110  W6....
00000762: 11110011 11110111 00011100 01111010 01101000 00000110  ...zh.
00000768: 00001111 01010010 00010000 00011011 00001011 00000110  .R....
0000076e: 00000101 01000010 00011011 00001001 00010111 00001011  .B....
00000774: 00011111 00000001 00001000 00001110 01000010 00000000  ....B.
0000077a: 00010011 01010010 00010000 00011011 00001011 01001111  .R...O
00000780: 00000111 00010000 00000110 00000100 00000001 00010000  ......
00000786: 01010011 00011001 00000000 00011001 10000000 11101111  S.....
0000078c: 11111000 00000110 01000100 00010100 00000111 00011001  ..D...
00000792: 00010010 01000010 00011011 00001001 00010111 01000100  .B...D
00000798: 00000011 00000001 00000000 00000101 01000010 00011000  ....B.
0000079e: 00001110 00011111 00000101 00011101 01001110 00011011  ....N.
000007a4: 00011111 00000111 01100010 01101011 00010001 00001011  ..bk..
000007aa: 00011101 00001000 00001010 00000100 00010001 00000110  ......
000007b0: 00001110 00011100 01001000 01010011 00011010 00000111  ..HS..
000007b6: 00010010 01000010 00001110 00000011 00000001 00001011  .B....
000007bc: 00011111 00011011 00011011 00011110 00001101 00000001  ......
000007c2: 01001111 01010010 00101101 00011101 00001101 00011101  OR-...
000007c8: 00010010 00000011 00011100 00000100 01010010 00000101  ....R.
000007ce: 00011101 00001010 01001111 00011010 00010111 00000011  ..O...
000007d4: 00010101 00011011 00010100 00011111 00010111 01000001  .....A
000007da: 01010111 00100110 00000110 00000101 01010010 00011101  W&..R.
000007e0: 00011100 00011011 01001111 00010010 00010100 00001010  ..O...
000007e6: 00010011 01010010 00001100 00010110 00001111 00011101  .R....
000007ec: 01111010 01101000 00011100 00010100 00010001 00001100  zh....
000007f2: 01010011 00001111 00000001 01010111 00001011 00001011  S..W..
000007f8: 00000100 00010011 01011011 01010011 00101011 00001110  ..[S+.
000007fe: 00000011 01000010 00010110 00001110 00000111 01000100  .B...D
00000804: 00011100 00011011 00011011 01010111 00001101 00001001  ...W..
0000080a: 01000001 00011010 00001011 00000110 00011101 00001010  A.....
00000810: 01010111 00000011 00000001 00000101 01010010 00001100  W...R.
00000816: 00011100 00000011 00001010 01011001 01000010 00100001  ...YB!
0000081c: 00001110 01010010 00000010 00010010 00000011 00000110  .R....
00000822: 00011011 00001011 00001010 00010010 01010010 00010000  ....R.
00000828: 00011011 00001011 00000010 00000100 00000111 00000011  ......
0000082e: 00010111 00010111 00010111 01010011 00011010 00000000  ...S..
00000834: 01111010 01101000 00001001 00000100 00010111 00000000  zh....
0000083a: 01011101 01001110 00100011 00011110 00010100 00000110  ]N#...
00000840: 00001111 00010101 01000100 00011100 00000000 01001111  ..D..O
00000846: 00000011 00001010 00001010 01000001 00010100 00000101  ...A..
0000084c: 00000111 01001110 00000000 00010001 01000010 00011011  .N..B.
00000852: 00001001 00010111 01000100 00011111 00001111 00000001  ..D...
00000858: 00010011 01001100 01001111 00110101 00011010 00000001  .LO5..
0000085e: 00011010 00011100 01001111 00010101 00010111 00011011  ..O...
00000864: 00010101 00010111 00010110 00011010 00001011 00011100  ......
0000086a: 01010111 00000011 00000001 00000101 01010010 00001000  W...R.
00000870: 00010010 00011100 00001011 00010010 00010000 00011100  ......
00000876: 01001111 01010010 00101101 10010001 11101110 11110110  OR-...
0000087c: 00010011 01101111 01100101 00001101 00011011 00001111  .oe...
00000882: 00010110 01001110 00011011 00011000 01000010 00011100  .N..B.
00000888: 00000100 00010111 01000100 00000111 00000110 00001010  ..D...
0000088e: 00011010 01000010 00001011 00001110 01010010 00010000  .B..R.
00000894: 00011011 00001011 01001111 00010101 00001110 00001110  ..O...
0000089a: 00000010 00011001 01000100 00010101 00001111 00011100  ..D...
000008a0: 00000011 01000010 00110110 00001110 00011111 01000100  .B6..D
000008a6: 00111000 00000111 00011111 00000111 00010111 00011101  8.....
000008ac: 01001111 01010010 00100111 00000001 00000001 00011100  OR'...
000008b2: 00000100 00000000 00011010 00001111 00000001 01001010  .....J
000008b8: 01010011 00100001 00000001 00010010 01000010 00000010  S!..B.
000008be: 00000100 00010011 00001000 01010011 00001111 00000001  ...S..
000008c4: 00010011 01000010 00001110 01101100 01111000 00000111  .B.lx.
000008ca: 00011100 00000010 00000011 00010110 00010110 00000110  ......
000008d0: 00001110 00011100 01000100 00010101 00000001 00011101  ..D...
000008d6: 01010111 00000100 00001010 00000000 00000000 01000100  W....D
000008dc: 00011011 00001011 10001101 11110111 11111011 00001011  ......
000008e2: 01000001 00010001 00001011 00011111 00000010 00001110  A.....
000008e8: 00000111 00010001 00001010 01000001 00011101 00001010  ...A..
000008ee: 01010011 00011010 00000111 00010010 01000010 00001110  S...B.
000008f4: 00001101 00000110 00000101 00000001 01000000 01001111  ....@O
000008fa: 00110110 01000010 00000111 00001110 00000111 00010111  6B....
00000900: 00010110 00000101 00001010 00010010 00010010 00001010  ......
00000906: 00010011 01010010 00001011 00010101 01001110 00000000  .R..N.
0000090c: 00011001 00000111 01001111 00001110 00010100 01101001  ..O..i
00000912: 01111001 00011010 00000111 00011000 00010001 00001010  y.....
00000918: 01000001 00010100 00000001 00011111 00000010 00000000  A.....
0000091e: 00000000 00010001 01001111 00001000 00010100 01000100  ..O..D
00000924: 00001010 00000001 00011010 01010111 00000001 00000000  ...W..
0000092a: 00010100 00011110 00000000 01010011 00011110 00000110  ...S..
00000930: 00010100 00001001 01001111 00001000 00000110 01000100  ..O..D
00000936: 00011100 00011011 00011011 01010111 00001101 00001001  ...W..
0000093c: 01000001 00011010 00000001 00000001 01000000 01001111  A...@O
00000942: 00111001 00000111 00011001 00000100 00000000 01000100  9....D
00000948: 00000011 00000111 00001100 00011100 01000010 00000110  ....B.
0000094e: 00010101 01010010 00001011 00000110 00011010 01001111  .R...O
00000954: 00011000 00000100 01001111 00001001 00010111 00010110  ..O...
0000095a: 01011101 01100011 01100101 00111011 00001011 00000100  ]ce;..
00000960: 00000100 01010010 00000011 00010110 00011010 00011011  .R....
00000966: 00011110 00001100 00001000 01000001 10110000 11000111  ...A..
0000096c: 01011101 01001110 00011100 01011001 01000010 00001011  ]N.YB.
00000972: 01001111 01010010 00001011 00000110 00011010 01001111  OR...O
00000978: 00011000 00000100 01001111 00001001 00011011 00001001  ..O...
0000097e: 01011101 01001110 00101011 00011000 00000111 00011100  ]N+...
00000984: 01000001 00011010 00001101 00011110 00011101 00001010  A.....
0000098a: 00011011 00000100 01001111 00010110 00010111 00001000  ..O...
00000990: 00011111 01000000 01001111 00111001 00001101 01001111  .@O9.O
00000996: 00000110 00000111 00000001 00000000 00011010 00011100  ......
0000099c: 01011001 01000010 00101110 00001101 00011110 01101001  YB...i
000009a2: 01111001 00001000 00000000 00000101 01000010 00000001  y...B.
000009a8: 00010100 00011111 00000110 00010110 00011100 01001111  .....O
000009ae: 00011000 00001100 00001010 01001111 01010010 00110011  ...OR3
000009b4: 00010010 00011010 00001100 00011111 00001011 00000001  ......
000009ba: 00000110 01010010 00001100 00011010 00011101 01001111  .R...O
000009c0: 00000000 00000011 00011011 00000100 00000000 01001010  .....J
000009c6: 01010011 00101100 00011101 00011110 00001100 00001000  S,....
000009cc: 01000001 00001011 00001011 00000110 00011100 01001111  A....O
000009d2: 00011000 00010101 00000001 01000001 00010000 00010110  ...A..
000009d8: 00010110 00001111 00001011 01010111 00000011 00000001  ...W..
000009de: 00000101 01010010 00000110 00000110 00011010 00011011  .R....
000009e4: 00010010 00010000 01000001 01000001 00111010 00001101  ..AA:.
000009ea: 00000000 01100011 01100101 00000101 00000111 00011001  .ce...
000009f0: 00000100 00000000 00000001 00011101 00001101 00001010  ......
000009f6: 01001101 01000010 00000010 00010100 00011111 10000110  MB....
000009fc: 11110011 11110111 00011100 01010111 00010110 00000111  ...W..
00000a02: 00000100 01010010 00010011 00011100 00011100 00001011  .R....
00000a08: 01011001 01101111 01100101 01101100 01111000 00100011  Yoelx#
00000a0e: 00011100 00000001 00001011 01010111 00101110 00000000  ...W..
00000a14: 00010011 00010110 01001000 01010011 00011010 00000111  ..HS..
00000a1a: 00010110 00010110 01001111 00010001 00011101 00001011  ..O...
00000a20: 00000001 01001110 00001100 00011111 00001011 00000011  .N....
00000a26: 00000101 10010000 11100100 11101010 00011101 01001111  .....O
00000a2c: 00010011 00010000 00001010 00010010 00000001 01000100  .....D
00000a32: 00011010 00011101 01001111 00011110 00001100 01001111  ..O..O
00000a38: 00000111 00011110 00001101 00000111 00011010 00001010  ......
00000a3e: 00000101 00010001 01000001 01000001 00100111 00001010  ..AA'.
00000a44: 00010111 00001011 00011101 00010001 00000111 00001011  ......
00000a4a: 01000001 00000001 00001100 00010110 01001110 00000011  A...N.
00000a50: 00011000 00001101 00000100 00010010 01111111 01101110  .....n
00000a56: 00000111 00000001 00000000 01011001 01000010 00111111  ...YB?
00000a5c: 00001110 00000110 00000101 00000111 00000001 00001010  ......
00000a62: 00000100 01000010 00001110 00001111 00010110 01000100  .B...D
00000a68: 00011110 00001111 00011101 00010000 00000111 01000011  .....C
00000a6e: 01000001 00011111 00000101 00000001 00001001 00001010  A.....
00000a74: 01010111 00000011 00000001 00000101 01010010 00010100  W...R.
00000a7a: 00011100 00011010 00001110 00000011 00001101 00001010  ......
00000a80: 00010010 01011100 01000100 00111010 00011010 10001101  .\D:..
00000a86: 11110111 11111011 00011100 01000001 00010011 00000010  ...A..
00000a8c: 00000111 00001011 00011101 01010111 00010110 00000111  ...W..
00000a92: 00000100 00001011 01000100 00010101 00001011 00001010  ..D...
00000a98: 00011011 01000010 00000110 00010101 01011100 01101001  .B..\i
00000a9e: 01111001 00111110 00011101 00011000 00001101 00001001  y>....
00000aa4: 01000001 00011101 00000010 01010011 00011010 00000111  A..S..
00000aaa: 00010010 01000010 00011111 00010100 00010110 00000000  .B....
00000ab0: 00011010 00000000 00001000 01011001 01000010 00111010  ...YB:
00000ab6: 00001111 00010110 00000001 00000001 00000011 00000110  ......
00000abc: 00011001 00000111 00011100 01000001 00000110 00001100  ...A..
00000ac2: 00010110 01001110 00001100 00011000 00001100 00011100  .N....
00000ac8: 00010101 00011011 00010000 00000110 00011010 00000110  ......
00000ace: 00011000 00001100 01000001 01101100 01111000 01101001  ..Alxi
00000ad4: 01111001 00101111 00011100 01010111 00001010 00001010  y/.W..
00000ada: 01000001 00000001 00000001 00000111 01001110 00001001  A...N.
00000ae0: 00011000 00001101 00011011 01000001 00011101 00001010  ...A..
00000ae6: 01010011 00100001 10001101 11110111 11111011 00101100  S!...,
00000aec: 00001110 00011100 00001010 00010110 00000010 00000011  ......
00000af2: 01010111 00000000 00011101 00001000 00010110 00000011  W.....
00000af8: 00010110 01001110 00001110 01010111 00010010 00011010  .N.W..
00000afe: 00000111 00010100 00000110 00010010 00000010 00000011  ......
00000b04: 01010111 00001101 00001001 01000001 00000001 00001001  W..A..
00000b0a: 00011100 00000101 00001010 01010111 00010010 00000011  ...W..
00000b10: 00010100 00011111 00000001 00010111 01001110 00011010  ....N.
00000b16: 00000111 01000010 00001001 00010011 00011101 00001001  .B....
00000b1c: 01111110 01100100 00011011 00011111 00000111 01001111  ~d...O
00000b22: 00010001 00010011 00010110 00010010 00011110 00001010  ......
00000b28: 00000011 01001100 01001111 00100011 00000000 00000001  .LO#..
00000b2e: 00000100 00001011 00011101 00001110 01000010 00001101  ....B.
00000b34: 00000000 00000000 00000011 00010110 01001110 00011000  ....N.
00000b3a: 00011110 00010110 00000111 01000001 00010111 00011100  ...A..
00000b40: 00000011 00000001 00011101 00000011 01000010 00011100  ....B.
00000b46: 00010101 00011101 00010001 00000111 01000000 01001111  ....@O
00000b4c: 00110010 00001100 00001000 00001101 00010011 00001010  2.....
00000b52: 00010111 01000000 01001111 00100100 00000111 00001110  .@O$..
00000b58: 01000001 00010011 00001101 00000001 01001110 00011100  A...N.
00000b5e: 00011000 00010111 00011101 00010010 01010010 00001101  ....R.
00000b64: 00000111 01000010 01100010 01111101 00101011 01001111  .Bb}+O
00000b6a: 00001001 00010111 00000101 00000001 00001010 01000001  .....A
00000b70: 01010111 00100000 00001010 01000001 00011011 00001010  W .A..
00000b76: 00000111 00001011 00011101 00010010 00010001 00011011  ......
00000b7c: 00001000 00011100 00000011 01010011 00011101 00000000  ...S..
00000b82: 00011010 00000111 01001111 00000101 00010011 00011101  ..O...
00000b88: 01010011 00001001 00001010 00000011 01000010 00001110  S...B.
00000b8e: 01000001 00000010 00000101 00000000 00011101 01001111  A....O
00000b94: 00000011 00001010 00011101 00001110 00000111 00000011  ......
00000b9a: 00011011 01001110 00100111 00010110 00001100 00001100  .N'...
00000ba0: 00001110 00010001 00001111 01010011 00011010 00000000  ...S..
00000ba6: 01010111 00010001 00001010 00000100 01010010 00010000  W...R.
00000bac: 00011011 00001011 01100010 01111101 00000000 00011101  ..b}..
00000bb2: 00000100 00000101 00000001 00000001 00010111 01000001  .....A
00000bb8: 01010111 00110000 00001010 00000110 00000111 00001000  W0....
00000bbe: 00010010 00011100 01001111 00000000 00001101 00011101  ..O...
00000bc4: 00001101 00010110 01000100 00011010 00000000 01001111  ..D..O
00000bca: 00011110 00010110 00011100 00000100 00011110 00000010  ......
00000bd0: 01011101 01001110 00111001 00010110 00010110 00011100  ]N9...
00000bd6: 01000001 00011101 00000010 01010011 00011110 00000000  A..S..
00000bdc: 00000101 00010110 00001010 00010011 01010010 00010011  ....R.
00000be2: 00011100 00000000 00001011 00010010 00010000 00001001  ......
00000be8: 00010100 00011110 01001010 01010011 00111100 00001110  ..JS<.
00000bee: 00000011 00010001 01001111 00000110 00010111 00010000  ..O...
00000bf4: 01010011 00000111 00000001 01111010 01101000 00011011  S..zh.
00000bfa: 00001110 00011101 01001010 01010011 00101010 00011101  ..JS*.
00000c00: 00011110 00001100 00000100 01000001 00000110 00001100  ...A..
00000c06: 00010110 00000011 00011100 00010010 00001110 00011001  ......
00000c0c: 00000100 00000001 01000100 00010001 00000010 00000000  ..D...
00000c12: 00010110 00010110 00001010 00000101 01010010 00000101  ....R.
00000c18: 00000000 01001110 00001101 00011110 00000101 01001111  .N...O
00000c1e: 00000000 00000001 01000100 00010010 01001110 00001100  ..D.N.
00000c24: 00011000 00001110 00000011 00001000 00010111 01000100  .....D
00000c2a: 00010101 00000010 00000000 00010110 00010110 00000110  ......
00000c30: 00001111 00010101 01001010 01010011 00101010 00001010  ..JS*.
00000c36: 00010110 00000110 01001111 00000101 00000000 00010001  ..O...
00000c3c: 00011101 00000101 01001111 00011000 00001100 01100010  ..O..b
00000c42: 01101011 00000110 00001100 00010110 01001110 00011111  k...N.
00000c48: 00011000 00010000 00011011 00000100 00000000 01001010  .....J
00000c4e: 01010011 00101010 00011101 00011110 00001100 00000100  S*....
00000c54: 01000001 00000110 00001101 00011111 00000010 01001111  A....O
00000c5a: 00000011 00001010 00001010 00011000 01010010 00010100  ....R.
00000c60: 00000110 00000101 00001010 01010111 00000011 00001000  ...W..
00000c66: 00000000 00011011 00001010 01010011 00000010 00000110  ...S..
00000c6c: 00011100 00000111 01001111 00000010 00011010 00010110  ..O...
00000c72: 00011010 00011101 00011011 00011110 00000011 00000001  ......
00000c78: 00010010 01011100 01000100 00111010 00000011 00001110  .\D:..
00000c7e: 00010000 00001011 00000001 00000100 01010010 00000000  ....R.
00000c84: 00000001 00000111 00000001 00011100 00001011 00000001  ......
00000c8a: 00000110 01111111 01101110 00000111 00000110 00001110  ..n...
00000c90: 00000011 01000011 01001111 00110011 00010011 00010000  .CO3..
00000c96: 00000000 01010100 01001111 00000001 00000011 00011011  .TO...
00000c9c: 00010010 01011100 01000100 00100100 00001011 00000011  .\D$..
00000ca2: 00011011 01001110 01001111 00001110 00010100 01000100  .NO..D
00000ca8: 00010000 00000001 00011010 00000101 00010001 00001010  ......
00000cae: 01001101 01010010 00001101 00010101 01001110 00011000  MR..N.
00000cb4: 00010010 01000010 00000100 00001111 00010111 00010011  .B....
00000cba: 01010011 00001111 00000011 00011011 01000010 00011011  S...B.
00000cc0: 00001001 00010111 01000100 00000111 00000110 00000110  ..D...
00000cc6: 00011001 00000101 00011100 01001111 01111111 01101110  ...O.n
00000ccc: 01111110 01100100 00100011 00011000 00001101 00000100  ~d#...
00000cd2: 00001000 00011100 00000011 01010011 00001010 00000000  ...S..
00000cd8: 00000000 00001100 01001111 00001001 00010111 01000100  ..O..D
00000cde: 00000000 00001111 00011000 01010111 00000100 00000011  ...W..
00000ce4: 00000000 00000010 00010100 00011010 00000000 00001000  ......
00000cea: 01010111 00010001 00011011 00010011 00011101 00001010  W.....
00000cf0: 00010100 00000010 00010110 01011011 01000010 00011000  ...[B.
00000cf6: 00001001 00010111 00000001 00011111 00000111 00000001  ......
00000cfc: 00010000 01000010 00001101 00000100 00000110 00010011  .B....
00000d02: 00010110 00001011 00000001 01010111 00010110 00000111  ...W..
00000d08: 00000100 01010010 00000011 00010010 00011011 00000001  .R....
00000d0e: 00000011 01101111 01100101 00010000 00000111 00000101  .oe...
00000d14: 00001010 00011001 00001110 00011011 00001110 00011100  ......
00000d1a: 01001101 01010010 00000011 00000110 00000010 00000011  MR....
00000d20: 00000100 01001100 01001111 00110011 00011101 00010001  .LO3..
00000d26: 00010100 00000110 01001111 00000000 00000111 00001110  ..O...
00000d2c: 00010101 00011010 00000001 00000001 01001110 00000000  ....N.
00000d32: 00000010 00010110 00011100 00001000 00010110 00000001  ......
00000d38: 01011101 01001110 00100110 00010001 01000010 00100110  ]N&.B&
00000d3e: 01000001 00000110 00001100 00000001 00001011 00011000  A.....
00000d44: 01010111 00001111 00010110 00010010 00010111 00001000  W.....
00000d4a: 00010101 01001110 00001011 00011000 00010101 00000001  .N....
00000d50: 01011110 01010010 00110110 00010110 00011011 00001101  ^R6...
00000d56: 00010010 00001100 01100010 01101011 00111000 10000110  ..bk8.
00000d5c: 11110011 11110111 00011100 01010111 00010001 00000000  ...W..
00000d62: 00001111 01010010 00001001 00000110 00011101 00011011  .R....
00000d68: 01010111 00001010 00001110 00010111 00010111 01000100  W....D
00000d6e: 00000000 00011001 00001110 00011011 00001110 00000000  ......
00000d74: 00010110 00010111 00000000 01010011 00001111 01001111  ...S.O
00000d7a: 00010000 00001101 00000000 00000101 01010010 00000110  ....R.
00000d80: 00010110 00000010 00000011 00001110 00000100 00011010  ......
00000d86: 00001101 01010010 00001011 00010101 01001110 00011011  .R..N.
00000d8c: 00011111 00000011 00011011 01000001 00000001 00000001  ...A..
00000d92: 00000100 00001111 00001000 00010010 01001100 01001111  ....LO
00000d98: 00101110 00011100 00000001 01010011 00001111 00000001  ...S..
00000d9e: 00010011 01101111 01100101 00000100 00011011 00000011  .oe...
00000da4: 00011011 00011010 00011111 00010010 00001100 00001100  ......
00000daa: 00000100 01010010 00010000 00011100 00000001 01001111  .R...O
00000db0: 00011010 00010111 00001100 00001001 01011100 01000100  ....\D
00000db6: 00111011 00000110 00000111 00011111 00001111 01000001  ;....A
00000dbc: 01000001 00111011 00010000 10010001 11101110 11110110  A;....
00000dc2: 00000100 01000010 00011011 00001001 00010111 01000100  .B...D
00000dc8: 00010111 00011100 00000000 00011011 00001110 01001111  .....O
00000dce: 00010110 00010011 00011101 01010011 00000110 00001010  ...S..
00000dd4: 01010111 00000001 00000000 00001100 00010111 00010111  W.....
00000dda: 01010011 00000001 00011010 00000011 01000010 00011000  S...B.
00000de0: 00001000 00000110 00001100 01010011 00011010 00000111  ...S..
00000de6: 00010010 01101111 01100101 00010101 00011010 00001101  .oe...
00000dec: 00011101 00001001 00011100 01011001 01000010 00100100  ...YB$
00000df2: 00001111 00011101 00010011 00000000 01001110 00000111  ....N.
00000df8: 00011000 00010101 01001111 00010101 00011101 01000100  ..O..D
00000dfe: 00000111 00001011 00000011 00011011 01000010 00001110  ....B.
00000e04: 01000001 00000001 00010000 00011100 00011100 00010110  A.....
00000e0a: 01010111 00010110 00000000 00001110 01011100 01101001  W...\i
00000e10: 01111001 01100011 01100101 00100011 00001010 00001010  yce#..
00000e16: 00011000 01010010 00010011 00011011 00001011 00001010  .R....
00000e1c: 00011011 00000111 00001011 01000001 00011110 00001011  ...A..
00000e22: 00000100 00001011 00011101 01011001 01000010 00100011  ...YB#
00000e28: 00001110 00011101 00001111 00011010 00000000 00001000  ......
00000e2e: 01010111 00000100 00000000 00010011 01010010 00000011  W...R.
00000e34: 00000001 00011011 00001101 01011001 01000010 00111000  ...YB8
00000e3a: 00000000 00011011 00010000 01011101 01100011 01100101  ...]ce
00000e40: 01111010 01101000 00100111 00000100 01010010 00010000  zh'.R.
00000e46: 00011011 00011100 00001010 00000000 01000010 00001011  ....B.
00000e4c: 00001110 00000101 00001010 01010011 00001111 00000010  ...S..
00000e52: 00011000 00001100 00001000 01000001 00000110 00001100  ...A..
00000e58: 00010110 00000011 01001111 00010110 01000010 00001100  ..O.B.
00000e5e: 00010011 00000111 00001001 00000011 00000010 00001010  ......
00000e64: 00010011 01000010 00011111 00000000 00000010 00000001  .B....
00000e6a: 00000001 01001110 00001101 00010110 00001110 00000011  .N....
00000e70: 01001111 01010010 00100001 00011111 00000111 00000101  OR!...
00000e76: 00010110 00001010 01001111 00010101 00011010 00001101  ..O...
00000e7c: 00000001 00011010 00010110 00000011 00010101 00000000  ......
00000e82: 01000001 00010100 00000001 00010110 00011010 01100010  A....b
00000e88: 01111101 00010010 00001010 00010011 01010010 00010111  }...R.
00000e8e: 00010110 00001101 01001111 00011110 00010001 01001111  ..O..O
00000e94: 00000010 00011101 00001001 01011101 01001110 00100001  ...]N!
00000e9a: 00011000 00010110 01001111 00000000 01010010 00000110  ..O.R.
00000ea0: 00011010 00011010 01000001 01010111 00110110 00000111  ..AW6.
00000ea6: 00000100 01010010 00000110 00010010 00000010 00000011  .R....
00000eac: 01010111 00000000 00000000 00000011 00010000 00000001  W.....
00000eb2: 00010111 01001110 00011010 00011001 00001010 00001010  .N....
00000eb8: 00000100 00010110 00000001 00010111 01001110 00000000  ....N.
00000ebe: 00011001 01000010 00011011 00001001 00010111 01000100  .B...D
00000ec4: 00000100 00001111 00000100 00010010 01000010 00000000  ....B.
00000eca: 00000111 01111111 01101110 00000000 00011001 00001010  ..n...
00000ed0: 00011011 00001110 00011100 01001101 01010010 00000010  ...MR.
00000ed6: 00011111 00000001 00001110 00000011 00000111 00001011  ......
00000edc: 01000001 00000111 00001010 00010111 00001011 00011101  A.....
00000ee2: 01010111 00000000 00010110 01000001 00000110 00001100  W..A..
00000ee8: 00010110 01001110 00001101 00000101 00001011 00001011  .N....
00000eee: 00000110 00010111 00010100 00011010 00001011 00011101  ......
00000ef4: 00000100 01001100 01001111 00101111 00011101 00010000  .LO/..
00000efa: 01010011 00011101 00011010 00010100 00001010 01001111  S....O
00000f00: 00000101 00010011 00001001 00011101 01001110 00001001  ....N.
00000f06: 00011000 00001101 00000011 00010010 01011100 01000100  ....\D
00000f0c: 00110010 00000010 00011100 00011000 01000010 00011011  2...B.
00000f12: 00001001 00010111 01101001 01111001 00001010 00001110  ..iy..
00000f18: 00001110 01000010 00100110 01000001 00000110 00001100  .B&A..
00000f1e: 00000001 00001011 00011000 01010111 00010110 00000111  ...W..
00000f24: 00000000 00000110 01000100 00000000 00011010 00001110  ..D...
00000f2a: 00011011 00000111 01001111 00000010 00010011 00001111  ..O...
00000f30: 00010110 01001110 00000000 00000010 00010110 01001111  .N...O
00000f36: 00001110 00010100 01000100 00000111 00000110 00001010  ..D...
00000f3c: 01010111 00100111 00011101 00001000 00011100 10000110  W'....
00000f42: 11110011 11110111 00011100 01010111 00101001 00000110  ...W).
00000f48: 00001111 00010101 01000100 00000011 00000111 00001100  ..D...
00000f4e: 00011100 00000111 00001011 01000001 00011011 00010000  ...A..
00000f54: 01010011 00011011 00011111 01010111 00001011 00000001  S..W..
00000f5a: 01000001 00000110 00001100 00010110 01100011 01100101  A...ce
00000f60: 00000000 00000011 00000100 00000100 01010010 00000010  ....R.
00000f66: 00011010 00001000 00011011 00001110 01000010 00010110  ....B.
00000f6c: 00000000 00000000 00000000 00000000 01001110 00001110  ....N.
00000f72: 00000100 00010110 00001010 00010011 00011100 01001010  .....J
00000f78: 01010011 00100010 00000110 00000001 00000111 01001111  S"...O
00000f7e: 00000011 00001011 01000100 00000111 00000110 00001010  ..D...
00000f84: 00011110 00010000 01001111 00010110 00011011 00010000  ..O...
00000f8a: 00000000 01000000 01001111 00100011 00001010 00001010  .@O#..
00000f90: 00011000 01010010 00010011 00011011 00001011 00001010  .R....
00000f96: 00011011 00000111 00001011 01001101 01010010 00000010  ...MR.
00000f9c: 00011111 00001111 00011111 00000111 00001011 00000001  ......
00000fa2: 00000110 01011100 01101001 01111001 01100011 01100101  .\iyce
00000fa8: 01010111 01000010 01001111 01000001 01010010 00110000  WBOAR0
00000fae: 00011011 00001011 01001111 00011111 00010111 00000001  ..O...
00000fb4: 00000110 00000000 00011101 01010011 00001000 00001110  ...S..
00000fba: 00011010 00001011 00011100 00001001 00010111 00000000  ......
00000fc0: 01010011 00001001 00011010 00011011 00001110 01100010  S....b
00000fc6: 01101011 01010010 01000100 01010011 01001110 01001111  kRDSNO
00000fcc: 00110001 00001110 00001110 00010001 00000001 01000100  1....D
00000fd2: 00011100 10001100 11101111 11101110 00000111 00011101  ......
00000fd8: 01000001 00000110 00001100 00010110 01001110 00011000  A...N.
00000fde: 00010110 00010110 00001010 00010011 00000001 01000100  .....D
00000fe4: 00010111 00011011 00000011 00011011 01001100 01100010  ....Lb
00000fea: 01101011 00100110 00001100 00010010 00011010 01001111  k&...O
00000ff0: 00011110 00010001 01001111 00001001 00011101 00010011  ..O...
00000ff6: 01010011 00011110 00000000 00010010 00010110 00011100  S.....
00000ffc: 01000001 00000101 00010110 00011010 00011010 00001010  A.....
00001002: 01011011 01000010 00011011 00001001 00010111 01000100  [B...D
00001008: 00000000 00000111 00000010 00011110 00001110 00001110  ......
0000100e: 00010011 01010010 00010111 00011100 00011011 00000001  .R....
00001014: 00010011 00010001 01000001 01000001 00110000 00010001  ..AA0.
0000101a: 00000111 01001110 00011011 00011111 00000111 00000001  .N....
00001020: 01000001 00100001 00001100 00010010 00000101 00001010  A!....
00001026: 00000100 00010010 00001010 00000000 00000000 00000001  ......
0000102c: 01010011 00000110 00001110 00000100 01101111 01100101  S...oe
00001032: 00001111 00011101 01000100 00000001 00000110 00010110  ..D...
00001038: 00011010 00000111 00011100 01011011 01010010 00000110  ...[R.
0000103e: 00011111 00001111 00000001 00011100 01000010 00011001  ....B.
00001044: 00000100 00000000 00010111 00010110 01000000 01001111  ....@O
0000104a: 00100011 00001010 00001010 01000001 00010100 00001000  #..A..
00001050: 00011100 00011001 01001111 00011000 00000100 01001111  ..O..O
00001056: 00010101 00011010 00000001 01010011 00000010 00001110  ...S..
0000105c: 00011001 00000101 00011010 00000000 00010101 00000001  ......
00001062: 01010011 00000111 00011011 01010111 00001011 00011100  S..W..
00001068: 01001111 01010010 00110000 00011011 00001011 01001111  OR0..O
0000106e: 00000011 00001010 00000000 00010100 00010101 00001100  ......
00001074: 00000111 00011101 01000001 01111010 01101000 00111100  ..Azh<
0000107a: 00001110 00011110 00000001 00011110 00000000 01000001  .....A
00001080: 01111010 01101000 01100010 01101011 01010010 01000100  zhbkRD
00001086: 01010011 01001110 01001111 00111111 00000011 00000010  SNO?..
0000108c: 00001101 00010111 00010000 01011111 01001110 00100110  ..._N&
00001092: 01010111 00000011 00000010 01000001 00000110 00001100  W..A..
00001098: 00001010 01001110 00001001 00010110 00010110 00000111  .N....
0000109e: 00000100 00000000 10000110 11110011 11110111 00011100  ......
000010a4: 01010111 00010001 00011111 00001000 00000000 00001101  W.....
000010aa: 00000111 01100011 01100101 01010111 01000010 01001111  .ceWBO
000010b0: 01000001 01010010 00100000 00011100 00000001 00000010  AR ...
000010b6: 00010010 00000110 01001111 00000111 00011101 00010110  ..O...
000010bc: 01010011 00001111 01001111 00010100 00000111 00011101  S.O...
000010c2: 00010101 00010011 00001101 00011101 01001110 00011011  ....N.
000010c8: 00011110 00001111 00001010 01000001 00000110 00001011  ...A..
000010ce: 01010011 00011001 00001110 00011011 00001001 01001111  S....O
000010d4: 00010101 00011010 00000001 01010011 00001011 00001110  ...S..
000010da: 00000101 00010110 00000111 01001111 01111111 01101110  ...O.n
000010e0: 10010001 11101110 11111011 00100011 00010101 00000000  ...#..
000010e6: 01000001 00010011 00010100 00000011 00000010 00001010  A.....
000010ec: 00000100 01000010 00001110 01000001 00000010 00000001  .B.A..
000010f2: 00011101 00000000 00010110 01010110 01000010 00111011  ...VB;
000010f8: 00010110 00011101 01000100 00010101 00000001 00011101  ..D...
000010fe: 01010111 00000011 01001111 00010001 00010111 00001010  W.O...
00001104: 00011101 00010111 01001110 01111010 01101000 01100010  ..Nzhb
0000110a: 01101011 00111010 00001101 00000000 01001110 00001000  k:..N.
00001110: 00010110 00011000 00001010 01000001 00000010 00000101  ...A..
00001116: 00000000 00011101 00001010 00010011 01000010 00000000  ....B.
0000111c: 00010111 00010111 00010110 01010011 00011010 00000111  ...S..
00001122: 00010010 01000010 00001000 00001101 00010011 00011110  .B....
00001128: 00010110 00001010 01001111 00010110 00010010 00011111  ..O...
0000112e: 00001101 00010111 00010111 01010011 00011101 00001010  ...S..
00001134: 00000101 00010000 00000110 00000100 00010110 01000100  .....D
0000113a: 00011100 00000000 01001111 00011111 00000111 00011101  ..O...
00001140: 01000001 00000001 00010000 00010010 00000000 00001011  A.....
00001146: 01011001 01000010 00101110 00010100 00000001 00010000  YB....
0000114c: 00000001 00001111 00000011 00011110 00000011 00000001  ......
00001152: 00010010 01111111 01101110 00000111 00000110 00001010  ..n...
00001158: 00001110 01000010 00000010 00010100 00000001 00010000  .B....
0000115e: 01010011 00001100 00001010 01010111 00010110 00000111  S..W..
00001164: 00001000 00000001 01000100 00000111 00000111 00000010  ..D...
0000116a: 00010010 01000010 00000000 00000111 01010010 00011101  .B..R.
00001170: 00010110 00001111 00011101 01011001 01000010 00111100  ...YB<
00001176: 00001001 00011011 00001010 00001010 01001110 00011111  ....N.
0000117c: 00010010 00000111 00000011 00010010 01001000 01000100  ....HD
00001182: 00000011 00000001 00000011 00011110 00010001 00000111  ......
00001188: 00000100 00000001 01000100 00000111 00000110 00001010  ..D...
0000118e: 00011010 01000010 00011010 00010001 01010010 00010011  .B..R.
00001194: 00011010 00011010 00000111 01010111 00000011 01001111  ...W.O
0000119a: 00010011 00010011 00000011 01111110 01100100 00000000  ...~d.
000011a0: 00000101 01000010 00001110 01000001 00011010 00000101  .B.A..
000011a6: 00011101 00001010 00000100 00010010 00010000 00001100  ......
000011ac: 00001001 00011011 00000001 00010101 01000000 01100010  ....@b
000011b2: 01111101 01101111 01100101 00110110 00010011 00001101  }oe6..
000011b8: 00000111 01000000 01001111 00100011 00001010 00000000  .@O#..
000011be: 00010010 00010111 01000100 00000011 00000001 00000000  ..D...
000011c4: 00000101 01000010 00001101 00001000 00000000 00000000  .B....
000011ca: 00000000 01000000 01100010 01111101 01101000           .@b}h
